1000 4000
177 616 54
902 10 852
401 172 513
736 527 775
817 435 553
629 508 549
954 202 584
116 158 637
26 201 484
887 55 677
598 132 590
697 524 269
253 984 908
202 310 11
350 77 607
280 510 925
47 568 796
68 613 432
181 343 553
570 995 401
257 753 148
613 733 717
733 717 458
59 679 971
557 220 233
945 471 338
155 918 802
448 68 708
269 479 425
884 703 943
241 786 327
314 629 51
477 434 156
945 901 670
156 572 313
730 439 76
838 448 155
70 94 982
950 873 124
864 112 805
258 76 349
519 362 517
354 962 171
722 447 24
339 11 322
853 824 534
977 457 582
896 315 57
805 479 21
570 891 930
128 282 386
224 782 301
532 24 935
681 752 749
885 77 79
360 787 707
473 468 87
422 666 199
869 195 95
617 122 793
502 258 357
196 422 18
569 836 425
362 74 314
625 832 198
350 139 599
870 537 48
524 36 97
799 984 131
87 2 318
65 221 823
303 708 323
702 975 155
877 123 916
53 941 710
888 712 407
427 222 784
303 693 618
490 531 392
698 130 663
555 535 515
132 748 815
498 412 356
356 660 585
620 790 551
985 252 121
86 108 391
254 929 151
585 804 77
135 742 4
979 977 269
542 375 819
996 458 803
468 157 61
342 324 252
676 919 759
966 770 830
552 413 514
109 605 651
274 562 93
404 818 489
948 506 949
315 924 7
916 79 671
444 563 876
247 345 946
514 851 548
514 412 680
569 975 722
917 818 858
369 294 589
340 853 31
873 811 831
433 918 464
910 672 242
213 560 214
372 841 330
184 64 12
240 754 806
521 327 908
522 351 38
23 819 847
150 953 995
669 71 959
787 697 751
73 617 181
972 627 373
40 212 420
848 571 432
556 522 636
983 109 70
749 757 244
661 217 975
865 280 677
370 982 950
349 67 336
315 494 636
133 299 761
816 265 976
45 810 867
504 699 172
391 77 260
818 507 181
32 519 436
380 712 734
842 501 162
71 997 612
957 894 905
966 634 26
114 754 7
909 608 938
226 920 83
99 154 840
13 854 537
968 35 542
749 303 862
860 987 779
76 544 94
185 498 88
166 705 526
353 625 519
634 297 270
465 95 434
428 357 283
69 884 882
322 963 672
329 735 389
878 515 521
735 926 852
805 293 29
586 642 358
755 56 790
434 414 379
929 313 459
875 862 467
115 751 875
201 808 697
680 428 395
536 954 707
828 712 775
867 383 512
723 482 584
562 902 701
83 460 682
48 154 243
283 286 682
627 935 76
506 615 807
768 232 982
550 368 940
169 264 537
696 162 449
330 287 338
772 537 60
760 530 539
84 309 751
249 933 887
305 971 458
765 842 941
270 728 547
913 788 994
537 877 741
58 645 819
682 398 607
666 452 610
778 215 32
83 759 991
653 202 491
805 68 561
826 59 977
610 252 488
535 234 217
539 629 830
61 777 961
406 497 153
383 630 530
49 660 124
378 808 123
59 465 298
611 794 261
774 58 809
886 991 44
631 711 169
192 759 86
778 578 854
600 414 334
375 381 999
50 579 180
841 852 206
492 896 652
715 296 418
471 875 127
351 176 810
222 439 797
78 955 466
952 548 962
525 39 357
855 367 926
964 952 753
24 861 408
755 628 388
899 762 677
21 435 971
575 137 172
729 984 716
808 746 503
715 534 339
903 591 292
330 504 10
85 767 556
636 75 147
10 506 53
281 898 653
690 328 494
429 500 223
470 606 673
657 78 460
87 921 327
492 130 18
330 741 823
544 403 984
633 591 758
284 297 737
831 596 909
617 475 273
644 150 109
891 827 56
560 750 725
939 921 434
361 224 328
438 758 147
475 120 869
866 245 615
447 351 96
500 733 1
895 740 266
505 654 536
34 396 250
731 965 786
328 838 913
455 118 912
913 843 457
918 533 279
151 921 460
705 162 865
228 231 580
63 381 102
102 648 567
413 83 478
142 68 95
308 372 228
309 98 186
911 886 377
187 877 778
667 593 641
535 354 301
653 478 688
51 901 394
18 500 55
532 443 591
933 293 255
717 577 208
477 764 473
439 933 118
189 637 395
720 233 218
105 406 189
158 424 979
987 742 91
370 344 181
300 746 235
228 799 885
742 730 200
230 623 371
263 727 237
100 822 491
435 265 599
808 301 699
700 990 763
369 573 906
751 961 295
339 997 615
731 449 918
824 493 176
986 644 591
145 364 763
76 669 904
666 845 589
611 708 528
403 618 827
888 63 453
652 782 335
526 700 796
140 161 408
715 735 998
93 223 12
792 250 385
789 118 207
389 84 578
373 664 728
677 809 351
341 811 864
813 690 854
443 331 452
830 481 244
904 952 291
49 490 832
585 629 91
216 443 317
364 216 24
745 644 757
332 671 999
96 805 907
227 720 775
648 301 119
489 140 644
73 333 184
735 189 136
709 640 946
280 358 780
279 701 853
174 615 509
231 25 64
417 805 485
569 416 813
970 596 635
862 990 844
791 748 321
978 821 291
560 216 522
263 692 718
123 247 108
254 407 813
587 516 7
932 744 10
478 200 59
483 949 433
500 125 754
355 415 142
981 772 746
942 794 423
583 31 721
768 932 292
217 418 758
200 294 896
753 816 141
555 793 57
745 906 654
355 492 555
408 999 624
947 829 102
896 878 582
694 977 218
631 17 5
482 405 850
0 562 123
517 952 823
238 902 122
496 225 522
315 964 601
195 910 824
892 531 378
531 756 944
641 385 111
990 780 867
727 797 714
661 205 963
773 768 723
703 18 631
260 712 590
9 226 846
192 270 148
968 380 262
119 446 553
469 291 550
622 731 134
589 785 583
312 504 539
348 462 898
23 460 729
376 189 710
465 784 721
900 848 417
598 320 594
838 62 724
486 51 814
434 448 409
381 370 958
57 863 409
204 269 851
258 917 123
607 671 26
764 482 785
431 614 675
341 31 741
793 222 521
1 519 407
74 119 73
695 889 145
921 260 585
767 117 537
994 164 382
795 886 751
357 330 70
472 540 399
976 416 27
74 880 739
436 127 269
977 706 52
592 322 624
21 104 585
278 964 213
686 378 125
160 708 170
583 459 319
107 402 803
182 352 920
410 116 599
682 351 988
920 691 160
376 775 17
172 155 339
635 341 265
126 951 337
768 487 464
1 751 3
755 719 4
574 586 215
575 418 8
960 452 771
851 332 834
102 465 633
485 317 202
876 168 816
222 501 85
404 248 875
971 15 315
207 190 41
870 31 70
871 761 383
267 128 633
307 930 635
329 497 677
953 739 451
609 263 634
95 707 317
484 317 287
821 39 765
531 883 377
868 667 722
64 145 203
119 515 214
32 895 872
325 790 228
127 158 507
849 932 777
958 520 132
215 178 674
529 925 79
397 900 146
936 84 401
187 903 669
522 123 240
248 332 632
759 816 339
178 894 187
989 444 255
554 574 69
640 245 183
167 239 627
998 767 469
925 908 2
983 194 164
855 649 918
253 950 973
508 162 670
551 69 429
845 658 74
607 567 714
936 406 198
170 637 930
943 990 469
449 564 113
446 966 965
144 651 638
751 215 450
952 583 762
256 212 880
825 995 544
133 882 526
225 753 315
245 72 95
748 262 173
502 996 201
467 66 692
965 975 611
492 944 830
54 284 511
661 300 135
829 922 796
965 133 461
606 299 431
372 759 801
726 842 331
854 248 845
469 342 34
489 565 237
571 441 374
680 405 888
93 736 768
613 948 224
31 660 549
926 159 860
741 643 921
184 20 792
990 123 58
366 380 334
223 710 916
835 321 241
152 125 524
967 754 1000
390 829 966
172 128 303
781 761 686
746 301 710
323 673 946
559 630 595
14 838 310
939 696 246
735 374 401
644 908 364
574 639 407
378 969 272
844 845 217
499 96 491
563 451 50
619 729 597
376 650 565
696 745 864
533 506 410
790 301 915
119 712 780
372 766 942
212 320 814
929 48 24
325 58 207
535 91 96
630 673 911
485 249 344
859 302 186
595 875 840
777 332 12
319 363 909
528 395 614
399 437 89
251 84 525
607 962 121
363 197 835
553 962 347
844 199 872
711 805 480
658 881 860
701 672 871
389 377 586
7 830 458
998 599 7
631 251 658
966 251 538
87 443 705
665 272 294
532 292 391
458 860 85
734 326 747
828 248 256
702 571 977
984 633 296
523 153 834
945 444 184
121 978 75
358 412 119
219 691 886
652 54 863
41 875 356
388 761 88
261 192 939
462 398 535
135 92 711
339 727 235
466 821 739
934 634 72
68 734 144
453 853 450
776 76 12
200 558 929
476 580 101
403 403 569
336 772 252
777 373 459
869 268 225
374 550 907
856 613 192
211 635 18
506 873 340
606 863 175
772 184 539
39 348 231
149 305 361
101 962 550
656 787 114
671 348 402
767 899 44
19 208 864
646 577 20
42 646 982
683 537 425
426 684 178
542 630 539
156 79 5
569 923 916
128 713 419
934 184 985
895 846 430
554 54 717
720 269 300
354 986 69
116 237 659
388 394 870
562 621 741
157 445 97
251 590 808
305 935 461
16 30 762
489 552 856
218 246 722
646 171 252
402 799 568
831 429 833
872 658 344
917 465 872
668 989 95
495 526 669
754 119 67
129 821 289
666 358 238
152 82 916
704 655 80
800 883 597
815 537 432
547 308 427
51 315 594
90 681 894
659 389 904
589 689 899
237 476 946
370 742 104
699 900 894
611 230 239
23 539 897
887 38 106
926 173 820
832 330 494
288 182 164
272 16 67
519 908 714
797 597 13
964 503 787
658 988 618
843 718 21
850 522 728
543 185 492
815 155 988
909 813 158
985 196 553
182 260 726
546 834 516
860 362 393
737 635 502
974 486 552
541 631 428
100 665 357
767 362 883
433 887 390
450 419 497
933 930 467
831 341 695
349 337 402
78 330 883
634 84 383
869 457 369
393 437 336
450 702 657
217 742 160
693 861 806
516 314 961
191 221 104
385 582 795
603 225 711
958 773 384
751 275 539
64 606 75
213 568 895
272 166 841
53 628 256
202 158 24
22 22 352
722 901 346
270 389 867
123 807 660
274 201 329
512 498 686
130 143 145
97 797 127
276 527 889
922 147 406
724 366 364
616 996 781
606 142 249
585 476 197
311 843 438
521 406 479
578 577 77
63 588 716
120 142 202
800 421 360
52 296 980
911 804 261
143 773 432
185 393 576
442 889 256
6 723 15
596 602 16
653 685 751
451 544 571
525 131 868
126 681 486
218 195 193
130 23 943
168 350 921
421 564 335
813 935 718
101 917 791
971 532 526
584 869 293
342 160 258
660 781 754
864 310 40
481 524 562
974 444 637
445 766 248
944 382 644
980 833 804
195 11 466
527 906 505
894 651 735
941 120 916
937 273 282
573 515 123
166 987 837
771 789 130
962 604 982
267 112 250
86 276 852
769 780 877
237 344 514
257 442 343
759 24 594
43 393 701
800 500 340
565 63 666
796 552 88
283 80 644
543 667 918
784 539 634
985 174 267
713 273 324
470 125 511
680 732 7
257 701 764
906 607 74
210 269 646
768 600 864
28 753 653
710 296 424
802 370 324
570 93 454
418 426 881
748 783 467
876 340 142
496 961 991
617 683 322
284 699 739
468 773 909
765 633 505
872 52 605
17 174 211
717 427 12
901 873 45
439 741 259
405 122 482
779 926 578
962 841 412
45 163 399
858 195 731
346 418 908
74 184 336
437 452 962
223 888 496
890 720 757
925 47 232
457 520 284
324 586 753
893 863 338
76 897 905
939 718 906
368 159 591
940 730 192
208 931 557
317 287 394
281 422 272
854 848 288
486 20 535
507 870 816
165 918 151
627 791 429
963 405 62
297 294 83
877 969 725
670 591 86
107 139 476
822 333 608
348 663 928
804 8 731
313 102 145
186 777 871
748 86 177
650 111 730
409 832 924
374 679 611
565 267 982
14 628 209
806 47 778
599 630 530
520 882 890
701 774 749
923 96 65
44 84 465
317 541 534
506 823 88
123 303 989
430 665 376
891 492 569
45 332 399
680 31 866
810 300 52
926 538 854
512 103 803
870 717 579
483 16 202
211 503 706
377 424 502
286 487 377
752 236 60
181 142 60
511 710 589
943 47 409
973 824 10
685 402 155
357 818 630
637 21 854
270 460 371
327 229 915
0 549 741
384 863 429
313 111 547
407 376 525
10 380 320
122 729 961
106 389 992
289 675 775
141 642 42
311 732 343
94 212 406
580 720 965
300 485 958
543 630 248
503 85 589
584 381 562
585 369 400
956 660 139
73 677 109
419 122 132
311 56 636
168 314 173
612 13 728
497 174 342
874 324 424
530 793 705
786 944 722
34 415 761
749 900 362
400 136 134
182 271 533
129 868 37
518 254 564
822 39 692
683 599 86
244 124 22
524 30 23
190 549 73
472 678 465
232 209 737
401 640 591
623 849 241
19 264 869
752 40 184
920 637 469
426 177 928
524 237 308
672 238 878
233 713 29
416 359 607
17 479 102
398 876 609
588 607 426
721 651 132
282 390 923
773 778 832
620 259 648
271 749 69
879 376 577
511 946 803
850 325 644
241 615 456
601 90 464
890 294 890
827 552 153
152 394 21
867 718 580
691 392 625
799 157 127
657 998 429
402 814 740
185 70 909
519 217 378
618 343 371
134 706 128
619 302 253
231 17 895
947 352 770
472 75 158
456 880 967
681 460 240
871 4 711
741 287 657
873 431 315
978 455 443
638 105 661
443 99 777
967 392 709
738 278 838
953 353 939
318 691 160
669 633 379
251 35 262
643 56 144
327 398 349
459 30 310
967 650 483
993 839 268
338 430 48
689 449 725
457 928 432
526 397 577
124 552 924
547 776 848
470 201 930
381 813 947
847 142 759
498 190 419
155 611 883
299 518 987
446 166 791
798 438 211
921 200 329
668 619 432
817 558 546
56 220 651
571 88 30
332 57 401
981 804 252
834 799 911
265 112 806
504 24 801
984 855 106
548 821 186
515 743 7
163 986 606
883 929 297
2 27 676
312 618 539
277 147 429
10 997 137
852 281 997
762 24 43
949 641 69
306 389 53
159 997 313
140 102 530
977 982 193
910 278 104
194 472 144
503 653 521
913 945 373
837 477 11
382 507 457
422 914 285
576 149 559
994 188 93
371 70 601
915 527 432
231 7 518
620 627 674
568 452 656
396 613 607
385 220 432
5 214 169
170 829 527
164 751 994
140 392 480
720 959 175
610 818 683
832 244 892
8 469 382
501 67 57
713 210 473
621 956 744
838 322 808
363 110 498
886 156 265
435 800 826
275 951 329
844 722 20
919 393 337
573 474 230
3 955 483
389 414 774
483 463 763
780 545 962
966 747 339
199 70 600
940 351 353
615 709 267
249 321 189
49 300 169
836 344 807
674 600 926
713 659 304
181 466 125
509 528 237
974 604 866
647 213 321
153 305 104
445 776 519
172 576 831
121 741 572
623 225 878
898 32 154
815 52 805
480 31 349
811 431 177
491 388 590
526 503 995
344 340 461
714 895 468
364 879 202
328 664 901
40 589 276
347 603 708
459 5 856
26 349 320
462 18 33
791 922 825
394 696 566
960 656 557
988 481 458
399 58 829
94 275 722
295 843 914
132 447 249
957 143 884
614 176 623
745 748 342
456 569 647
525 673 303
377 176 699
548 228 786
719 253 394
363 318 734
145 135 629
626 376 930
772 751 329
683 60 567
594 68 371
405 734 137
337 53 606
635 394 324
601 14 7
892 539 288
88 428 909
567 812 159
841 741 819
825 455 149
383 735 940
424 89 752
206 380 920
820 388 128
995 132 538
694 465 891
510 465 996
809 74 687
263 140 851
25 609 271
373 720 349
429 670 285
193 445 621
46 777 116
712 848 928
68 833 451
782 952 436
110 523 858
570 687 893
442 859 845
757 181 562
5 176 715
419 770 551
641 694 657
804 474 194
751 616 166
112 442 775
205 482 4
8 379 158
579 469 464
27 124 738
927 48 548
62 523 491
638 577 651
307 809 464
785 838 301
883 39 814
26 122 593
761 806 793
484 105 446
597 392 752
134 638 5
946 688 107
639 781 692
126 613 529
566 966 351
37 156 456
149 408 588
921 257 648
479 444 842
445 252 965
121 414 260
721 606 394
991 51 181
682 25 666
647 179 837
98 950 729
538 617 68
709 992 324
799 441 109
16 24 425
983 927 837
885 862 120
830 911 537
382 212 451
633 113 560
901 214 528
854 524 119
284 407 194
578 914 786
178 260 713
89 999 910
240 507 355
37 591 135
207 777 396
902 987 237
800 5 419
282 173 722
797 175 282
67 516 357
359 962 258
682 308 746
490 895 177
750 700 254
273 787 519
274 108 539
278 145 678
665 975 902
301 272 767
835 651 936
411 496 945
12 274 697
895 621 850
622 943 200
971 526 957
199 625 177
535 588 793
495 558 323
29 753 530
696 871 425
54 44 143
954 118 33
242 772 420
371 357 847
557 518 317
961 200 337
669 695 212
893 568 938
208 465 817
693 70 1
288 414 934
536 330 320
241 452 831
842 753 559
965 278 84
716 72 794
52 606 458
293 473 754
477 983 52
59 548 915
99 6 536
27 872 905
305 846 822
413 485 696
839 777 796
603 715 507
788 666 683
866 210 469
294 296 574
498 258 498
960 174 640
246 474 560
359 786 612
912 193 136
839 315 947
554 485 812
444 486 23
964 74 164
144 805 787
201 239 966
221 244 689
851 600 440
465 245 540
909 957 863
587 782 683
107 757 453
14 803 629
894 687 617
424 826 885
829 752 948
132 64 647
830 103 179
946 995 997
48 298 552
881 875 682
694 478 605
794 133 162
334 175 90
194 514 973
106 672 356
604 89 963
659 363 590
515 686 777
346 946 493
348 978 588
517 452 553
294 178 681
721 230 955
133 459 958
210 975 215
390 28 618
176 136 389
468 62 924
594 135 696
197 558 561
515 831 530
379 673 691
40 274 977
60 603 523
899 903 230
31 488 696
466 917 98
409 735 211
859 631 767
287 573 772
761 277 166
147 358 647
114 207 515
114 805 468
819 208 856
245 61 324
391 531 112
125 386 941
252 526 705
717 9 706
60 441 371
384 179 603
454 915 324
369 936 408
11 113 516
430 208 535
583 506 750
471 107 941
644 484 442
694 503 764
348 278 112
335 221 697
7 592 487
764 942 181
485 993 504
15 69 351
387 666 486
976 842 621
792 883 298
818 454 226
985 984 996
344 261 970
718 844 575
239 294 749
222 298 669
41 753 393
957 504 881
944 953 693
729 329 95
621 96 314
343 921 385
865 726 565
55 959 980
307 287 342
316 765 621
247 471 816
545 804 366
250 34 341
189 718 635
608 741 243
733 845 646
184 87 613
885 657 690
801 512 601
4 159 410
246 661 94
337 719 639
708 29 579
229 969 901
86 66 343
69 10 367
568 750 851
823 892 710
38 540 282
835 903 867
667 102 31
463 668 552
762 40 906
83 162 665
429 807 790
158 816 997
333 560 770
416 238 644
509 642 529
293 509 419
793 572 593
612 320 494
421 798 216
188 639 440
997 138 385
194 764 570
266 209 962
178 943 526
340 930 258
145 190 444
183 841 381
590 315 889
601 844 202
192 292 194
50 373 801
592 476 543
710 695 969
953 490 762
558 222 432
134 769 450
139 681 260
214 784 905
361 316 280
141 881 936
770 973 363
346 830 408
446 141 699
516 899 829
739 829 277
900 917 354
188 90 211
517 163 120
615 40 387
500 590 534
740 377 242
251 247 882
252 255 739
344 840 605
415 168 274
961 764 716
592 201 278
81 830 68
245 579 630
925 737 926
47 262 737
198 856 344
920 278 730
327 203 939
96 157 424
758 277 491
579 291 691
729 761 648
104 760 213
11 100 364
413 733 218
837 875 84
731 943 99
537 838 839
442 642 123
189 492 545
630 242 466
999 938 764
30 19 930
876 841 826
833 297 246
256 545 37
700 997 584
630 537 803
810 798 448
922 827 481
726 828 314
407 266 640
445 382 472
427 21 453
837 562 693
894 232 677
416 935 604
34 618 422
173 94 894
224 421 215
131 915 440
209 656 873
528 856 223
946 459 489
411 419 490
234 223 770
372 829 220
628 3 294
774 806 6
481 845 282
374 101 6
206 456 612
565 165 783
863 802 978
623 199 649
459 146 469
595 661 511
461 746 113
316 166 898
282 697 920
338 119 202
928 694 291
47 54 182
177 710 414
632 343 281
482 355 811
988 722 824
916 95 772
815 68 151
351 17 227
797 993 266
285 931 364
6 227 758
732 218 535
454 495 894
665 829 264
512 373 440
744 593 650
824 405 865
102 523 142
782 100 320
72 608 350
624 189 230
843 515 353
553 316 968
453 947 884
330 879 81
735 667 299
553 529 557
193 371 834
647 778 841
946 776 630
836 63 73
92 95 218
90 953 543
784 698 233
935 473 772
40 707 530
917 154 15
187 603 176
150 246 687
262 476 393
544 723 501
982 870 715
502 879 817
46 632 976
947 654 758
306 989 383
418 822 269
611 285 795
650 637 744
794 585 845
941 436 470
232 516 961
546 231 926
722 167 627
198 391 954
894 540 376
749 965 341
242 507 356
912 462 486
834 151 934
925 195 944
618 873 440
604 411 123
697 226 5
271 51 893
884 944 572
3 219 414
98 880 573
763 148 574
726 792 136
105 399 508
105 962 969
87 299 234
734 503 869
772 846 34
564 894 699
721 866 993
674 809 369
443 714 983
461 39 806
118 391 670
937 508 832
10 65 26
636 525 974
765 676 941
719 481 138
2 327 647
368 326 881
739 642 752
921 555 582
79 130 690
872 940 394
173 494 504
200 325 105
175 671 680
859 678 362
842 885 259
534 466 906
789 842 669
591 231 10
224 548 156
777 818 364
779 116 835
544 515 597
849 52 710
563 638 233
33 735 927
231 724 903
587 935 167
896 347 413
384 111 28
499 826 473
776 576 22
155 531 331
743 178 743
770 916 873
838 823 53
286 10 628
474 945 199
273 247 294
240 563 565
130 503 658
670 353 447
35 525 700
489 866 165
551 923 460
447 777 441
493 922 633
24 164 807
299 26 624
778 654 376
467 972 991
410 849 751
250 743 236
291 721 539
399 528 630
56 426 371
934 974 529
518 115 313
422 233 867
812 929 544
321 525 872
602 381 695
267 585 542
937 573 474
899 498 315
867 115 293
119 219 432
343 569 956
234 799 536
878 28 410
699 321 559
148 118 172
225 653 558
173 900 10
389 658 15
910 934 99
198 916 842
414 209 577
938 366 625
880 538 578
752 793 690
458 506 990
940 250 246
942 349 690
818 288 567
408 535 754
626 802 950
0 537 133
746 869 577
850 81 694
650 50 999
84 263 974
907 673 896
910 704 61
469 331 780
380 205 906
257 481 567
59 829 213
117 782 992
333 705 160
210 323 923
818 684 391
979 497 768
400 950 540
711 492 190
622 754 638
203 221 696
770 356 757
594 477 129
975 61 859
443 132 346
303 666 905
156 698 391
675 922 762
479 929 848
269 512 641
642 58 97
258 198 908
780 928 519
21 789 194
171 638 328
816 958 42
66 254 405
161 658 55
829 792 43
473 603 423
221 514 597
75 955 154
576 575 476
97 199 462
864 213 457
136 496 820
321 543 829
394 511 568
584 974 176
273 412 408
397 497 787
765 627 898
887 354 64
65 431 475
339 239 241
468 615 196
508 331 525
51 108 945
236 80 5
55 160 756
582 212 169
425 616 846
833 383 980
959 348 276
814 774 515
302 746 609
568 252 785
344 710 29
550 449 256
754 219 648
22 741 820
367 225 692
167 452 931
316 463 871
617 715 3
599 922 336
451 263 989
414 409 603
242 634 998
474 883 249
236 963 677
863 476 914
918 257 994
578 806 498
578 92 457
932 797 667
357 518 132
817 605 400
428 903 149
105 790 725
839 254 13
397 464 180
456 916 491
163 703 567
958 490 211
574 863 822
866 780 901
975 772 720
889 213 913
264 283 524
449 619 702
582 549 791
233 551 533
640 982 65
225 635 837
437 693 991
459 165 808
761 344 953
862 766 421
847 150 935
212 32 621
912 865 603
909 913 273
808 658 584
852 605 395
494 116 900
22 801 408
115 321 229
665 968 718
465 900 842
428 85 961
139 583 165
397 548 83
125 808 957
169 541 605
684 294 627
334 813 460
80 444 379
244 477 323
905 674 408
608 951 559
929 124 87
507 927 1
398 802 19
347 886 507
186 466 500
639 133 212
190 79 551
654 243 972
138 81 980
528 388 830
250 119 752
175 611 820
182 784 288
187 49 922
762 455 944
656 557 872
785 49 897
351 199 604
988 133 424
825 285 299
663 383 903
171 613 648
248 838 877
355 106 841
340 459 510
394 850 902
515 530 452
716 145 673
70 229 289
77 958 804
406 860 750
387 817 921
597 813 938
998 197 363
289 867 670
113 598 696
292 165 761
929 46 648
591 382 525
457 786 143
44 454 855
849 882 510
62 779 804
85 713 587
699 609 354
124 238 656
161 348 654
494 351 747
37 898 277
349 293 525
115 478 375
635 663 84
687 397 25
776 620 71
955 935 124
523 212 351
890 260 174
781 936 213
126 487 424
53 13 791
598 940 297
723 732 590
297 481 750
7 1 477
377 280 508
214 922 548
513 132 559
493 508 852
60 750 684
868 418 203
539 13 463
799 319 381
13 171 373
692 653 546
396 322 411
218 366 205
932 553 689
113 124 847
22 859 368
978 901 88
6 74 826
335 256 342
264 415 760
618 306 718
235 680 529
896 485 143
255 546 610
788 104 299
203 568 869
476 378 232
846 361 450
356 106 285
11 433 482
986 612 376
992 349 682
201 456 794
827 985 142
243 440 670
245 420 835
814 170 487
302 815 807
511 346 623
196 803 417
932 371 195
289 160 919
589 895 25
660 913 442
785 720 669
455 322 844
915 733 610
296 814 901
393 752 210
264 994 53
139 645 453
160 526 559
766 226 592
918 291 246
786 861 605
109 112 781
851 907 307
539 625 445
708 376 374
406 584 243
243 726 767
724 360 125
716 610 56
218 853 737
223 999 983
168 631 140
431 475 939
150 876 353
118 369 521
156 515 867
216 644 8
395 384 705
840 945 311
311 762 487
684 957 766
605 18 184
775 534 959
722 414 978
944 493 639
701 107 315
275 784 445
534 268 940
607 846 497
116 875 765
136 361 864
579 543 76
504 88 540
268 286 821
855 698 292
625 656 630
771 731 894
577 777 631
979 199 829
874 548 294
415 165 570
328 21 43
239 289 169
4 122 231
82 28 926
905 644 789
304 916 343
704 181 747
527 517 49
546 152 706
104 521 922
681 928 596
314 654 765
920 989 900
425 385 795
334 709 387
740 840 830
706 511 38
546 821 502
657 372 267
714 684 821
695 860 757
510 10 957
664 877 180
919 353 22
632 161 686
703 67 782
444 825 92
415 29 739
145 486 208
418 220 663
764 722 839
702 628 934
276 543 272
226 139 669
517 164 443
501 3 884
211 344 430
464 281 516
180 179 330
237 883 983
177 486 206
350 658 66
919 71 373
487 65 217
39 601 786
25 346 366
353 552 229
961 51 295
508 711 914
144 440 168
718 957 10
148 528 635
367 59 199
167 174 261
89 166 417
587 54 625
571 685 1000
952 921 145
475 295 417
240 987 801
365 903 573
278 221 447
207 297 434
924 557 574
62 612 5
27 514 79
285 101 418
986 274 709
487 692 184
702 533 588
521 399 489
991 969 77
501 644 658
737 321 223
144 32 673
834 609 639
642 729 483
646 241 417
958 807 63
632 938 299
63 970 516
500 688 219
432 363 622
159 295 293
253 456 986
759 371 312
609 173 299
609 795 56
28 276 254
690 563 898
931 775 525
731 991 746
93 997 992
723 991 346
686 575 303
20 227 427
812 114 681
927 100 384
639 275 239
91 614 979
368 417 812
226 963 180
298 308 533
83 493 640
621 767 491
595 625 102
386 252 163
81 764 912
423 161 633
538 615 222
154 573 466
283 57 444
304 349 56
323 587 996
530 593 147
413 331 597
679 112 486
438 381 924
78 148 901
848 659 280
16 240 5
596 818 647
716 507 808
840 766 606
39 219 878
112 292 710
575 432 738
902 928 658
542 573 329
678 784 858
998 683 759
600 771 988
562 481 649
34 610 399
18 744 568
662 833 17
942 49 386
115 203 92
703 897 724
498 599 635
390 457 768
871 670 411
90 535 194
164 388 405
326 767 660
545 499 287
84 776 513
51 992 128
927 131 601
124 167 972
221 795 610
899 303 44
371 915 670
9 436 690
771 895 531
291 205 740
620 857 141
707 117 992
328 894 149
664 515 265
784 896 60
786 499 243
774 568 63
439 602 947
408 652 769
409 373 43
843 781 520
668 230 161
504 443 466
488 100 192
513 600 827
875 22 187
435 892 195
981 556 539
791 625 885
950 441 760
426 621 625
260 548 436
541 362 94
727 446 202
691 248 802
900 535 688
77 895 531
805 426 208
138 392 586
49 392 780
175 13 831
395 868 736
677 203 354
606 291 54
972 551 16
676 872 787
220 841 350
239 870 701
991 966 169
758 494 841
480 689 820
908 478 262
952 806 849
752 953 430
625 686 793
756 176 589
645 841 59
672 344 731
673 716 810
263 844 98
158 233 118
472 624 423
943 703 480
773 308 586
997 214 830
233 102 116
766 605 63
363 774 795
57 574 391
379 494 179
403 550 853
740 136 257
48 61 460
917 173 725
35 703 232
879 125 319
573 793 28
861 154 690
944 690 884
977 501 808
157 699 661
841 507 547
967 800 269
914 209 160
877 1 247
455 76 774
738 514 909
888 570 995
153 12 676
120 676 128
120 89 986
564 156 475
433 694 953
809 508 89
179 151 239
982 661 570
491 530 713
882 190 800
792 170 874
284 849 938
256 879 878
540 706 127
677 721 121
490 397 911
825 627 268
254 823 913
610 833 761
679 793 250
803 982 830
437 516 424
931 906 588
935 788 213
756 269 859
656 998 388
407 555 997
708 111 798
956 559 947
471 974 718
261 758 442
425 837 309
501 844 868
653 522 866
923 603 245
859 695 756
930 605 795
978 382 51
769 278 292
309 85 143
296 523 266
922 918 390
826 714 732
969 616 272
782 957 939
272 532 547
753 570 674
705 680 855
42 630 806
153 649 957
863 246 601
553 538 545
512 821 991
584 642 589
414 497 71
549 811 709
843 47 922
148 968 25
220 854 287
61 726 425
999 860 246
335 712 118
598 360 305
947 784 120
88 225 914
681 878 454
549 503 23
56 917 941
664 212 820
149 558 516
556 623 652
639 309 776
705 150 637
427 651 158
190 949 558
319 393 615
671 932 66
395 930 319
955 106 197
520 456 271
911 602 567
26 529 421
802 323 395
268 3 894
734 27 984
807 64 980
661 853 119
478 3 117
667 847 597
99 202 970
656 220 950
674 791 771
508 527 677
417 243 195
440 332 751
991 648 850
352 99 900
744 404 890
226 219 540
466 608 499
804 809 389
871 90 808
91 679 165
441 435 837
828 854 128
833 676 468
484 503 865
989 727 504
836 313 777
214 381 161
434 370 592
201 467 486
95 97 860
588 469 672
282 910 485
122 532 773
581 944 693
174 510 912
162 478 161
164 785 153
36 507 366
845 390 774
957 691 859
575 887 729
411 223 721
214 426 31
588 360 157
2 432 5
440 339 166
580 771 496
170 618 518
605 915 220
739 678 265
624 446 878
856 842 80
673 351 984
582 708 587
35 866 373
604 772 495
199 480 585
933 336 750
310 86 689
336 701 679
760 762 295
230 276 968
655 797 661
857 396 960
289 156 476
491 501 338
435 983 961
529 159 565
169 121 841
637 765 194
280 457 186
337 744 866
29 871 177
360 791 520
889 795 889
327 902 369
810 362 666
342 521 416
292 731 974
385 431 823
594 455 316
150 164 677
632 675 844
728 151 387
265 959 130
33 938 347
213 977 29
325 322 99
313 496 937
317 456 124
227 749 409
138 717 734
476 96 983
879 374 448
346 700 244
146 176 508
802 665 421
203 33 733
77 957 675
170 225 109
710 5 772
541 765 771
822 118 71
158 28 689
499 160 472
795 210 558
883 541 218
154 636 24
564 747 29
250 552 206
234 891 891
623 890 722
627 823 315
738 453 518
244 14 904
943 630 407
886 634 288
982 535 263
549 80 413
774 790 140
511 197 45
748 239 509
204 691 138
798 528 747
270 404 974
878 233 312
290 810 263
236 809 536
183 210 305
960 90 68
684 277 761
81 677 910
336 683 665
760 520 243
320 661 615
9 865 368
265 52 684
980 600 352
113 994 740
438 388 624
243 547 733
816 116 809
600 374 742
178 606 8
33 382 560
287 673 971
184 616 552
438 311 331
514 121 286
494 773 732
44 768 70
151 60 922
597 417 707
211 324 308
393 297 733
659 399 636
36 876 67
417 260 697
283 95 530
358 388 317
450 398 386
803 684 580
143 151 396
860 395 906
880 644 75
648 619 819
996 104 118
616 372 403
391 275 481
66 845 399
395 283 174
513 839 255
221 751 630
19 884 519
938 220 531
64 283 115
876 75 448
432 681 995
1 699 927
590 454 554
760 824 495
421 888 530
687 402 983
551 843 477
817 858 596
431 947 58
360 923 549
821 67 587
905 856 486
71 258 989
572 850 473
502 810 429
333 429 247
796 957 934
191 83 169
175 288 504
548 219 880
879 828 939
679 101 374
538 356 132
558 276 325
320 168 452
505 220 961
13 843 130
142 145 934
950 66 496
132 709 951
973 697 668
448 12 210
11 192 215
5 118 830
252 289 554
806 653 403
437 657 374
884 900 125
849 238 519
206 168 767
262 979 34
643 593 896
837 10 703
464 793 856
217 580 803
789 302 24
383 624 62
723 543 875
494 589 712
576 364 606
577 402 848
651 378 494
907 212 387
176 90 67
252 90 310
345 296 569
914 459 912
294 339 699
495 251 772
908 753 340
887 189 276
813 162 5
321 988 59
323 938 461
823 915 374
61 988 419
550 53 706
791 940 222
904 600 240
171 923 651
712 326 519
382 943 919
386 522 24
12 201 472
676 32 700
15 76 357
560 24 572
719 697 283
540 234 334
961 272 518
688 616 817
463 256 64
108 850 759
808 637 615
852 166 349
41 338 90
497 272 922
633 374 680
462 448 720
247 723 26
567 63 715
436 547 74
787 253 974
787 688 159
919 211 235
131 353 648
576 45 324
481 817 986
135 996 608
392 222 432
304 795 416
323 915 471
948 869 16
672 140 387
421 488 608
922 500 71
423 500 468
789 62 692
906 581 891
28 286 612
378 983 181
162 126 545
861 117 27
58 258 522
996 281 760
652 862 181
249 869 523
908 893 601
812 702 478
94 780 334
701 487 101
847 183 109
794 289 868
690 256 835
172 986 308
999 710 411
746 38 612
780 665 67
362 338 712
698 197 901
109 711 127
458 763 756
554 596 251
131 829 177
557 457 729
118 202 945
319 351 239
724 193 133
213 729 750
287 765 234
736 885 753
207 386 300
937 916 80
875 972 238
17 284 151
408 453 68
106 533 139
675 265 928
434 28 777
824 183 924
861 899 148
913 687 620
276 241 868
41 601 249
955 822 201
80 684 134
137 301 94
566 685 804
545 227 475
982 408 890
233 820 369
989 661 152
168 31 340
114 698 655
593 866 727
423 211 795
366 234 755
533 105 46
247 271 564
708 803 219
302 78 623
984 353 929
286 132 116
924 290 675
533 141 550
297 462 458
705 473 501
736 742 759
447 964 643
565 540 246
529 734 562
551 537 206
460 685 363
534 297 369
883 121 935
591 296 475
355 560 468
923 719 367
558 744 63
104 197 280
488 239 387
235 621 967
180 685 983
783 460 613
193 494 173
6 33 809
246 954 677
262 512 854
429 389 354
146 105 159
365 371 617
845 30 952
292 425 999
993 800 971
577 929 125
209 196 198
941 523 753
66 327 232
249 989 818
412 292 765
387 703 79
685 518 346
959 123 941
1 723 151
654 32 685
88 919 295
882 579 357
217 309 316
370 650 621
706 645 533
888 507 107
757 566 716
423 922 493
447 594 612
104 204 739
216 390 39
196 888 231
590 123 512
95 571 243
811 449 671
882 81 486
743 778 395
964 754 545
510 918 346
839 834 26
220 511 179
111 205 928
131 460 609
710 342 979
43 37 113
685 611 531
7 902 47
230 810 293
945 958 269
766 867 495
382 753 618
205 947 352
616 662 922
79 110 530
874 290 944
103 483 113
858 85 472
549 831 73
605 178 831
239 953 112
402 975 294
990 737 993
520 11 430
651 438 701
698 572 954
165 822 221
692 777 810
123 95 625
326 972 578
310 778 464
646 944 113
228 135 398
102 466 353
319 40 428
543 903 924
451 726 286
197 817 222
870 326 211
272 861 641
475 870 743
993 741 999
97 435 618
777 952 802
690 169 144
174 46 611
306 350 453
695 71 687
92 371 589
480 149 580
141 58 186
232 299 356
626 878 651
179 517 523
199 292 95
127 859 647
979 584 576
903 316 645
64 323 577
137 179 503
819 30 241
840 484 121
142 587 203
280 231 324
312 935 488
418 626 338
693 232 833
853 958 799
198 802 259
54 616 532
322 849 322
165 769 114
205 980 409
296 944 46
264 836 419
563 479 717
691 274 254
753 512 406
898 123 581
103 445 847
8 158 590
120 899 874
654 287 301
486 525 179
197 1 759
474 499 100
807 407 915
534 894 396
813 230 640
227 172 384
82 268 203
724 675 55
108 780 270
949 834 614
733 96 764
589 219 527
98 569 30
816 953 585
139 911 350
285 90 842
30 600 404
531 85 635
143 982 837
974 181 581
904 97 306
807 97 664
100 231 910
740 341 167
732 47 589
715 756 582
712 863 389
827 673 546
208 557 240
62 472 629
869 936 48
928 892 216
564 333 100
390 474 749
490 587 735
287 711 113
588 379 143
733 947 100
827 143 907
993 558 948
43 355 631
616 926 340
85 676 436
379 331 814
90 778 636
111 112 274
79 318 786
763 267 251
591 844 5
753 203 366
980 755 633
529 71 173
914 46 817
801 516 721
275 558 11
956 725 339
739 223 414
823 911 815
27 830 563
174 654 783
873 818 526
467 55 791
746 144 703
747 806 21
697 507 876
380 198 616
219 157 608
400 593 80
20 986 531
111 342 582
331 740 520
261 965 202
117 187 848
410 221 782
737 279 108
692 257 49
514 618 402
930 823 516
127 315 168
110 353 897
238 847 945
493 573 756
640 766 962
783 30 921
375 498 757
56 226 107
33 450 893
831 613 827
935 289 621
758 655 420
868 760 457
496 182 976
832 192 130
528 737 727
885 335 915
186 48 522
823 556 901
775 224 962
385 139 412
404 145 763
655 14 913
540 915 294
509 461 6
976 590 382
581 910 885
194 573 352
477 513 453
401 893 825
471 758 896
436 404 35
367 10 127
426 911 765
80 598 802
874 257 622
358 182 176
285 846 505
13 329 908
732 871 339
955 274 280
481 9 756
38 339 639
39 419 392
101 965 95
545 58 764
581 721 828
32 467 465
86 154 262
162 756 827
826 136 585
847 861 325
540 891 305
356 386 608
451 699 802
88 159 921
586 100 984
938 751 679
997 334 772
536 29 266
809 193 191
901 912 482
812 314 133
482 126 389
157 885 907
880 83 218
405 856 256
642 665 61
644 88 496
833 875 402
725 19 671
856 478 337
488 707 699
990 356 631
412 881 620
180 758 47
924 466 125
881 490 51
754 120 627
129 763 243
915 996 186
803 628 755
942 268 835
229 570 612
718 887 6
672 227 235
400 820 648
629 147 118
137 366 668
902 381 459
572 537 383
310 46 506
332 562 463
862 426 417
425 126 963
757 472 593
968 484 996
820 401 912
63 967 898
440 755 939
516 796 419
205 578 489
294 840 577
613 272 5
775 1 674
388 261 680
562 760 858
157 767 1
963 820 291
433 993 662
503 905 104
215 84 720
179 623 892
660 892 812
75 308 665
590 863 593
829 764 462
452 938 155
228 193 655
210 436 426
160 22 957
269 460 727
72 301 385
992 89 72
629 289 429
574 482 884
730 16 798
559 577 84
229 302 95
121 992 19
582 354 880
360 573 272
568 695 386
806 635 545
687 424 787
293 87 252
538 972 260
133 995 765
558 267 656
300 962 687
655 695 40
414 3 793
959 560 71
643 810 180
478 252 831
354 397 943
84 147 539
711 438 852
599 454 34
769 984 165
98 741 808
720 908 717
455 724 496
203 263 365
441 16 293
279 106 302
82 815 297
122 445 589
268 940 488
547 224 918
183 718 638
700 947 843
629 720 35
631 716 164
134 172 122
762 141 952
954 882 402
713 200 257
802 977 455
931 664 998
396 674 684
642 349 654
255 200 382
148 195 652
519 897 581
940 602 810
541 298 480
155 403 626
103 467 580
820 359 34
956 294 137
676 889 177
933 629 804
146 361 120
20 584 771
628 741 758
810 662 478
388 609 77
557 629 269
889 433 625
357 68 599
901 673 274
12 609 602
984 786 73
895 495 105
788 869 856
524 630 494
480 625 941
634 232 478
686 545 404
806 780 951
393 337 69
269 510 799
487 304 489
398 226 19
146 11 368
374 873 742
349 251 447
441 906 559
703 870 499
135 47 437
176 932 271
209 759 834
452 177 378
878 248 638
219 269 769
699 80 262
440 78 198
25 334 930
298 916 293
460 907 406
707 496 842
29 729 730
195 209 30
450 548 678
928 593 491
458 901 131
112 464 253
186 545 272
599 872 764
315 387 833
803 456 131
308 508 699
662 125 849
673 637 280
371 801 370
352 403 135
392 15 462
506 790 672
986 692 944
331 2 778
793 115 616
975 970 895
905 650 786
835 626 815
730 324 176
552 177 78
381 441 514
848 747 583
867 757 655
331 550 486
614 68 661
373 367 197
375 592 530
215 426 318
654 69 148
747 421 978
729 946 607
755 942 577
368 156 443
352 422 604
354 877 839
795 177 931
331 966 591
30 36 793
547 922 977
38 361 448
78 741 584
412 376 820
695 606 219
658 337 381
345 391 465
877 422 365
608 966 122
610 566 55
204 779 453
334 675 618
406 124 147
335 965 275
31 476 242
779 121 72
696 985 470
53 917 19
688 714 209
645 230 303
350 116 223
8 672 474
369 635 338
407 215 375
191 620 983
842 654 638
324 950 199
605 306 737
75 143 888
934 657 133
353 980 203
852 506 429
778 262 77
12 193 553
345 543 225
853 404 986
147 273 156
479 123 563
18 182 106
279 992 262
322 290 760
89 648 50
453 482 936
58 953 195
771 901 911
4 541 145
973 577 159
809 20 690
108 422 541
74 857 351
915 133 708
683 481 159
154 560 589
784 978 889
216 127 682
734 400 246
290 48 204
71 526 363
560 104 559
662 919 41
807 330 19
149 832 749
743 902 963
320 632 664
580 49 717
949 868 83
396 932 238
190 541 860
256 255 334
188 108 1000
318 166 100
926 940 716
30 634 559
412 66 198
936 971 645
959 492 215
232 424 723
301 754 785
972 251 345
50 617 250
325 539 805
822 459 370
420 993 703
220 966 74
208 433 127
886 281 52
796 561 582
725 560 883
898 816 871
430 243 695
660 151 871
309 994 512
452 206 601
347 944 73
773 249 94
295 222 56
361 443 806
151 224 556
463 586 835
281 436 315
122 967 340
907 425 302
341 167 401
507 131 387
995 931 965
293 260 621
645 63 245
277 570 925
666 84 507
336 607 382
61 211 642
688 542 734
891 121 953
858 764 354
72 169 129
625 504 90
474 62 879
603 777 602
612 803 832
424 348 806
3 976 969
476 775 773
100 84 774
783 55 822
48 780 131
485 809 450
531 169 689
951 234 853
649 681 676
615 882 317
602 828 256
892 79 822
305 438 134
897 743 385
790 106 348
495 399 947
188 499 779
392 526 16
463 374 716
266 926 608
908 33 350
863 932 990
824 988 58
364 775 168
951 477 157
113 766 341
572 431 789
650 618 89
244 71 288
238 858 521
542 255 198
466 380 923
448 159 55
457 470 200
163 251 799
419 325 872
572 773 947
404 698 247
645 516 809
614 136 641
689 901 818
856 101 23
930 226 449
698 223 62
881 149 383
627 354 236
719 839 723
333 723 947
225 902 764
137 56 603
728 885 423
503 39 501
267 230 796
362 680 764
91 506 952
238 741 950
556 160 841
667 431 824
647 710 385
45 527 739
464 285 17
484 720 14
340 746 623
52 617 620
46 47 50
766 390 160
117 594 640
171 467 775
981 590 155
911 492 17
636 639 424
140 769 972
675 838 384
288 591 844
70 454 373
110 627 122
271 323 888
679 326 792
77 560 173
963 69 816
742 84 477
381 295 89
20 267 243
939 271 353
364 599 43
971 12 982
592 327 447
811 589 223
976 81 620
81 168 669
651 313 358
962 723 590
994 597 455
46 542 706
948 159 112
638 553 63
92 483 942
881 547 564
556 740 728
409 15 746
66 549 867
767 383 491
688 266 518
15 177 148
290 624 251
96 85 60
750 894 121
295 259 731
5 582 428
561 832 346
763 396 343
141 134 575
164 919 681
202 577 429
95 451 177
281 374 878
65 33 919
684 375 609
761 838 122
436 534 414
291 269 505
989 446 207
419 791 194
846 473 887
781 316 262
794 30 585
69 53 421
24 934 964
111 590 699
745 973 600
136 291 215
82 854 424
67 556 331
621 952 417
359 353 380
15 788 964
969 758 637
55 706 227
987 243 115
757 830 342
846 684 898
614 665 913
337 180 873
671 420 980
67 240 916
798 66 87
801 672 433
931 753 711
567 248 636
897 304 321
130 432 832
259 930 209
352 181 234
980 554 297
596 672 918
861 851 140
711 167 18
0 651 132
383 920 10
224 895 92
633 98 41
903 107 824
581 258 28
356 766 108
655 762 626
44 331 651
563 319 250
222 3 264
128 644 509
427 981 580
191 369 904
602 40 225
641 137 432
473 559 760
537 277 897
663 365 608
938 611 663
298 137 799
173 779 122
597 942 568
854 788 19
449 696 340
728 616 957
195 515 700
444 834 680
860 426 100
737 827 892
844 633 228
521 476 461
260 368 45
704 401 549
904 702 960
891 574 694
196 664 62
32 617 911
71 584 993
532 942 779
916 347 558
486 952 24
167 227 491
353 598 1
770 912 36
693 961 780
309 20 63
273 660 941
596 133 655
402 509 820
96 304 383
497 502 478
478 144 173
758 957 640
924 173 952
709 87 989
482 626 728
994 796 161
179 648 358
36 842 215
42 836 34
663 785 322
321 462 934
21 137 606
783 582 940
571 913 1000
788 649 607
366 46 672
42 983 7
117 679 594
99 100 361
320 642 456
505 368 31
89 446 6
995 975 831
769 858 969
183 374 62
811 937 288
855 684 787
428 708 730
781 48 25
505 788 858
16 633 476
846 534 86
738 855 842
706 430 798
689 294 476
670 453 869
160 596 452
286 291 737
161 141 159
658 654 667
181 194 623
241 788 867
662 544 806
520 361 694
243 876 54
561 473 825
727 993 139
376 225 973
70 655 226
678 499 495
697 343 386
552 889 305
274 589 437
439 880 531
865 732 467
469 132 314
316 432 449
154 23 415
29 756 49
493 760 944
106 780 495
857 716 614
161 495 848
18 304 906
147 44 167
657 141 246
649 805 826
671 158 302
999 34 614
254 495 374
965 629 272
537 383 601
475 632 943
318 776 511
67 95 532
819 571 615
787 544 818
147 778 646
848 722 518
595 30 850
814 256 925
779 359 736
763 122 297
692 54 860
253 190 231
326 284 293
756 704 436
832 555 65
652 740 695
619 174 669
50 338 669
963 363 429
669 499 259
138 912 265
927 656 329
567 482 265
312 536 832
995 590 261
637 289 548
648 381 201
288 950 888
530 645 302
19 220 703
166 486 198
707 545 724
448 199 966
821 445 339
898 499 594
391 375 7
526 229 933
533 869 947
394 587 534
872 527 173
600 201 325
322 486 930
786 908 349
456 908 424
492 988 974
865 909 87
57 184 373
347 857 393
674 268 286
539 227 537
351 716 869
229 15 382
68 310 108
857 916 873
483 311 692
930 431 375
127 222 559
717 885 214
341 133 164
790 474 602
338 44 417
820 66 246
306 5 519
714 339 239
291 939 385
255 122 646
718 838 383
57 922 175
496 667 268
727 571 695
619 338 318
268 572 686
197 445 510
785 461 37
58 78 348
518 648 225
759 842 605
461 462 433
686 324 840
176 744 454
687 70 641
379 518 8
307 79 823
643 939 780
2 483 340
384 42 369
700 59 122
897 155 793
80 238 948
23 838 558
28 760 962
488 142 983
983 318 210
255 402 591
948 699 704
55 668 351
882 632 834
796 323 985
890 95 747
670 881 947
712 744 147
893 226 68
604 154 283
308 978 354
75 434 944
313 86 971
153 919 557
299 103 864
853 36 981
265 801 965
162 991 761
441 383 565
970 563 491
76 147 873
212 974 841
204 869 182
460 50 405
103 60 150
969 531 90
185 663 875
112 465 463
60 767 373
756 588 829
530 909 98
499 307 434
101 555 45
744 705 623
706 768 590
730 758 831
678 212 336
420 535 482
277 549 304
298 890 284
392 934 299
279 550 176
299 857 703
375 888 427
875 262 134
951 174 359
664 594 242
202 561 426
857 568 945
461 367 313
523 643 25
798 509 889
601 167 33
266 327 903
992 266 480
159 760 824
555 175 87
460 41 879
691 226 148
192 892 816
826 655 469
651 253 834
92 507 801
622 830 487
454 523 680
608 46 639
467 909 737
555 60 901
593 596 309
206 262 791
25 826 390
559 203 116
65 808 93
378 273 779
969 850 203
180 722 827
970 836 475
166 435 7
314 280 906
975 502 261
261 383 184
743 992 653
725 373 290
301 622 973
987 557 785
834 146 219
73 8 402
329 604 591
366 108 193
593 216 808
314 94 669
903 138 322
928 430 805
523 696 163
970 98 756
163 280 468
972 927 183
93 690 882
97 601 122
884 163 873
559 489 93
728 922 551
177 180 246
69 531 107
125 1 20
35 210 681
420 280 532
295 299 926
685 276 511
387 721 54
561 270 492
301 982 724
31 619 734
432 779 617
142 991 274
949 469 851
343 897 645
24 69 542
916 327 708
361 25 710
583 284 975
431 391 40
452 579 958
750 366 240
821 710 350
128 894 999
420 639 919
275 436 827
612 830 673
630 772 618
868 989 814
941 76 452
411 123 538
193 940 623
497 803 414
624 766 627
649 799 623
236 697 292
129 68 52
992 492 327
518 35 398
479 372 481
510 442 249
416 597 925
988 458 464
85 779 141
47 68 593
14 439 475
628 762 35
152 711 860
579 365 291
318 643 465
936 315 419
649 367 435
527 384 927
358 640 46
566 101 612
235 256 780
237 977 301
38 215 933
446 287 137
742 465 798
424 196 235
893 859 644
841 429 535
677 484 363
491 228 310
473 625 722
365 376 724
580 795 777
246 976 817
914 870 624
747 506 14
259 862 259
996 386 804
509 526 42
742 103 608
973 191 423
4 225 461
906 831 1000
338 224 198
377 459 371
487 449 827
464 909 787
536 197 628
866 129 400
830 491 251
997 751 974
373 490 351
266 916 432
304 303 449
851 748 877
37 515 870
648 419 555
689 632 487
704 757 394
9 980 766
561 743 129
889 792 313
343 162 535
628 554 302
169 337 926
918 636 275
544 446 735
449 768 230
638 24 887
417 831 342
804 445 781
736 918 710
365 258 502
432 822 638
750 416 699
248 165 382
795 714 114
230 469 451
359 857 48
906 658 899
345 704 733
324 940 590
310 715 319
235 500 815
136 250 756
744 111 132
362 427 387
380 395 800
165 369 353
673 615 607
332 486 292
151 105 277
840 74 883
635 135 241
271 10 303
900 226 984
108 202 259
792 95 732
873 234 94
278 665 505
923 353 177
618 874 337
668 665 427
72 619 984
663 240 190
36 14 907
897 350 717
858 964 103
950 351 746
707 902 187
522 443 290
675 794 644
678 78 97
566 256 634
624 906 660
550 78 716
143 556 9
297 591 373
962 927 647
200 412 564
637 74 739
726 761 394
850 164 258
17 674 792
109 60 499
954 363 311
242 521 509
223 633 306
741 545 163
300 604 129
764 504 871
507 769 199
513 598 487
516 360 494
276 450 940
593 640 301
442 54 727
189 554 159
776 778 911
118 165 505
259 106 843
410 520 902
801 467 26
430 591 16
234 308 578
470 61 425
308 136 618
626 328 412
953 55 322
613 509 17
258 580 971
775 41 991
634 949 848
912 809 578
892 944 441
326 481 926
219 57 55
609 206 823
828 424 343
573 790 860
453 86 266
714 33 762
248 621 844
793 396 409
462 359 974
780 592 570
124 378 751
586 317 465
415 661 250
968 645 829
401 689 717
754 631 381
577 470 304
209 156 277
227 717 53
907 620 799
640 52 665
52 382 381
215 898 609
54 622 232
399 203 510
790 745 28
259 371 314
107 208 572
522 695 18
262 236 557
987 957 385
212 305 917
636 742 111
602 946 689
159 380 185
880 637 285
398 703 555
292 134 701
422 998 655
79 515 851
797 746 485
814 177 975
525 112 188
641 595 365
586 571 998
290 537 238
116 914 879
3 785 405
725 888 386
548 305 76
527 153 85
367 650 31
741 595 631
836 684 79
302 591 820
862 973 715
552 380 355
260 82 164
125 494 110
91 548 295
454 463 381
94 728 619
935 386 434
951 627 662
603 655 577
303 670 472
342 26 152
329 508 688
864 209 791
845 401 72
732 292 665
43 468 313
405 805 603
317 131 560
819 193 904
324 459 259
403 499 286
386 329 519
709 491 17
747 182 898
782 870 521
659 952 292
296 417 514
110 207 904
386 504 40
615 680 921
277 60 436
